# ID,label,Linearity,Sphericity,Planarity,Verticality,Hull Area,Relative Height
   0.00000,   0.00000,   0.70143,   0.01788,   0.28066,   0.86075,  46.98954,   5.02000
   1.00000,   0.00000,   0.22824,   0.05832,   0.71340,   0.98627,  53.22318,   3.60000
   2.00000,   0.00000,   0.36718,   0.15586,   0.47692,   0.01981, 239.90445,   7.49000
   3.00000,   0.00000,   0.59589,   0.15477,   0.24932,   0.09052, 265.78952,   7.07000
   4.00000,   0.00000,   0.19935,   0.04267,   0.75794,   0.99928, 332.97028,   5.21000
   5.00000,   0.00000,   0.13887,   0.04635,   0.81474,   0.02665, 102.33717,   3.70000
   6.00000,   0.00000,   0.58984,   0.03123,   0.37890,   0.88061,  85.87453,   1.66000
   7.00000,   0.00000,   0.33788,   0.44099,   0.22109,   0.27783, 365.96097,   3.75000
   8.00000,   0.00000,   0.34282,   0.28252,   0.37463,   0.83555, 227.85353,   5.77000
   9.00000,   0.00000,   0.71332,   0.15441,   0.13226,   0.37498, 180.44446,   6.66000
  10.00000,   0.00000,   0.10398,   0.22234,   0.67363,   0.03459, 192.89429,   3.59000
  11.00000,   0.00000,   0.37830,   0.18365,   0.43802,   0.32515, 277.18469,   6.65000
  12.00000,   0.00000,   0.36896,   0.13135,   0.49966,   0.88020,  50.15804,   4.32000
  13.00000,   0.00000,   0.85086,   0.11311,   0.03602,   0.06543, 172.55748,   5.85000
  14.00000,   0.00000,   0.09281,   0.05667,   0.85048,   0.05968, 184.25580,   4.82000
  15.00000,   0.00000,   0.51076,   0.38580,   0.10340,   0.68396, 765.83606,   9.57000
  16.00000,   0.00000,   0.12338,   0.05580,   0.82078,   0.05703, 137.01289,   5.06000
  17.00000,   0.00000,   0.13840,   0.02356,   0.83800,   0.00295, 208.93623,   2.72000
  18.00000,   0.00000,   0.26612,   0.09989,   0.63395,   0.01025,  31.18900,   2.92000
  19.00000,   0.00000,   0.05145,   0.23290,   0.71559,   0.07747, 157.60658,   5.88000
  20.00000,   0.00000,   0.51147,   0.17660,   0.31190,   0.95302, 159.40784,   6.99000
  21.00000,   0.00000,   0.23074,   0.03529,   0.73393,   0.09175, 188.95256,   4.37000
  22.00000,   0.00000,   0.30613,   0.07043,   0.62340,   0.96298, 470.96478,   8.13000
  23.00000,   0.00000,   0.06169,   0.03085,   0.90742,   0.89907, 389.76498,   8.38000
  24.00000,   0.00000,   0.26756,   0.20589,   0.52651,   0.93472, 215.41841,   4.66000
  25.00000,   0.00000,   0.43348,   0.03219,   0.53430,   0.89369, 110.51012,   2.12000
  26.00000,   0.00000,   0.19457,   0.09006,   0.71532,   0.99263, 249.50665,   7.72000
  27.00000,   0.00000,   0.34051,   0.08748,   0.57198,   0.08284,  80.21077,   3.03000
  28.00000,   0.00000,   0.22146,   0.29452,   0.48397,   0.97482, 181.70844,   5.61000
  29.00000,   0.00000,   0.58567,   0.06256,   0.35174,   0.98922, 294.14636,   4.31000
  30.00000,   0.00000,   0.57289,   0.13752,   0.28957,   0.31950, 269.60358,   7.49000
  31.00000,   0.00000,   0.26987,   0.08029,   0.64980,   0.95798, 358.45328,   7.64000
  32.00000,   0.00000,   0.42316,   0.07062,   0.50618,   0.10983, 112.81466,   3.53000
  33.00000,   0.00000,   0.06371,   0.25115,   0.68511,   0.03449,  57.98563,   6.90000
  34.00000,   0.00000,   0.69046,   0.12577,   0.18375,   0.26207, 467.45523,   8.35000
  35.00000,   0.00000,   0.00978,   0.22162,   0.76855,   0.07591, 200.04341,   6.74000
  36.00000,   0.00000,   0.72208,   0.21799,   0.05991,   0.42344, 162.12274,   7.29000
  37.00000,   0.00000,   0.23231,   0.10219,   0.66546,   0.99013, 234.70467,   6.93000
  38.00000,   0.00000,   0.40534,   0.10829,   0.48636,   0.31155, 180.44153,   5.82000
  39.00000,   0.00000,   0.46346,   0.03445,   0.50206,   0.05495,  39.70953,   2.85000
  40.00000,   0.00000,   0.25816,   0.25235,   0.48945,   0.46115,  50.67211,   3.44000
  41.00000,   0.00000,   0.32968,   0.03172,   0.63856,   0.95799,  70.52206,   3.50000
  42.00000,   0.00000,   0.75022,   0.20054,   0.04924,   0.11972, 234.41676,   6.76000
  43.00000,   0.00000,   0.60913,   0.23095,   0.15989,   0.18094, 267.97571,   8.13000
  44.00000,   0.00000,   0.08672,   0.65913,   0.25410,   0.05369, 289.01459,   4.83000
  45.00000,   0.00000,   0.69734,   0.15028,   0.15235,   0.30109, 169.69267,   6.61000
  46.00000,   0.00000,   0.21507,   0.31291,   0.47199,   0.02546, 121.09467,   8.29000
  47.00000,   0.00000,   0.18969,   0.04306,   0.76720,   0.97309, 368.82187,   8.00000
  48.00000,   0.00000,   0.59138,   0.13891,   0.26968,   0.78530,  97.99865,   5.52000
  49.00000,   0.00000,   0.39371,   0.25218,   0.35408,   0.59328, 143.38541,   7.57000
  50.00000,   0.00000,   0.46230,   0.16905,   0.36862,   0.84384, 215.28818,   4.89000
  51.00000,   0.00000,   0.71945,   0.16337,   0.11716,   0.24731, 218.13708,   4.82000
  52.00000,   0.00000,   0.17991,   0.07398,   0.74606,   0.96379, 392.70761,   9.35000
  53.00000,   0.00000,   0.28572,   0.11532,   0.59893,   0.05190,  71.70038,   4.15000
  54.00000,   0.00000,   0.12333,   0.02334,   0.85329,   0.00100, 352.29965,  10.97000
  55.00000,   0.00000,   0.48928,   0.24894,   0.26176,   0.50768, 374.58926,   9.15000
  56.00000,   0.00000,   0.10172,   0.03228,   0.86595,   0.04892, 164.58997,   4.78000
  57.00000,   0.00000,   0.51828,   0.19456,   0.28713,   0.20600, 247.32991,   6.45000
  58.00000,   0.00000,   0.46272,   0.09615,   0.44110,   0.01015,  58.97221,   3.58000
  59.00000,   0.00000,   0.20308,   0.02876,   0.76812,   0.00568, 219.53967,   4.30000
  60.00000,   0.00000,   0.66962,   0.08772,   0.24265,   0.65691,3478.11670,   9.45000
  61.00000,   0.00000,   0.22128,   0.54309,   0.23559,   0.61181, 158.35512,   4.85000
  62.00000,   0.00000,   0.32347,   0.50424,   0.17225,   0.97800, 111.88171,   5.33000
  63.00000,   0.00000,   0.56703,   0.03398,   0.39896,   0.85346, 114.87693,   3.71000
  64.00000,   0.00000,   0.40090,   0.39597,   0.20310,   0.26353, 818.74066,   9.42000
  65.00000,   0.00000,   0.17613,   0.03679,   0.78704,   0.98056,  58.76180,   1.50000
  66.00000,   0.00000,   0.41691,   0.17833,   0.40472,   0.04948, 261.61612,   4.62000
  67.00000,   0.00000,   0.12831,   0.03329,   0.83835,   0.97704, 152.89128,   7.14000
  68.00000,   0.00000,   0.45450,   0.27030,   0.27516,   0.08185, 248.82475,   8.56000
  69.00000,   0.00000,   0.31096,   0.05743,   0.63157,   0.97925, 370.51959,   7.49000
  70.00000,   0.00000,   0.78590,   0.19999,   0.01408,   0.88414, 213.33684,   7.15000
  71.00000,   0.00000,   0.69085,   0.02858,   0.28055,   0.99936,  45.14034,   2.76000
  72.00000,   0.00000,   0.22414,   0.05073,   0.72509,   0.97986,  93.72715,   4.23000
  73.00000,   0.00000,   0.12016,   0.04364,   0.83615,   0.00381, 435.18896,  10.21000
  74.00000,   0.00000,   0.19196,   0.05776,   0.75024,   0.00096, 304.26672,   7.94000
  75.00000,   0.00000,   0.43808,   0.10821,   0.45369,   0.32864, 111.81649,   4.37000
  76.00000,   0.00000,   0.47739,   0.12817,   0.39440,   0.88859, 374.31976,  10.85000
  77.00000,   0.00000,   0.61801,   0.15405,   0.22792,   0.52051, 147.73758,   7.14000
  78.00000,   0.00000,   0.72191,   0.05446,   0.22362,   0.75149,  50.74828,   3.83000
  79.00000,   0.00000,   0.16751,   0.06673,   0.76572,   0.97298,  90.46072,   1.84000
  80.00000,   0.00000,   0.43870,   0.30604,   0.25523,   0.08875, 178.66815,   5.89000
  81.00000,   0.00000,   0.25338,   0.07217,   0.67443,   0.99327, 122.06044,   5.53000
  82.00000,   0.00000,   0.43081,   0.39906,   0.17009,   0.28974, 210.98706,   7.61000
  83.00000,   0.00000,   0.13145,   0.36924,   0.49926,   0.08942, 223.98956,   8.25000
  84.00000,   0.00000,   0.43416,   0.12680,   0.43900,   0.00995, 242.06973,   7.52000
  85.00000,   0.00000,   0.46844,   0.17672,   0.35481,   0.52304, 144.97005,   5.83000
  86.00000,   0.00000,   0.49685,   0.10787,   0.39525,   0.91775, 232.11243,   7.28000
  87.00000,   0.00000,   0.23723,   0.05152,   0.71120,   0.99340, 173.41170,   7.55000
  88.00000,   0.00000,   0.24837,   0.41458,   0.33700,   0.95849, 313.23380,   5.55000
  89.00000,   0.00000,   0.29175,   0.29953,   0.40868,   0.00465,  89.37711,   5.18000
  90.00000,   0.00000,   0.20524,   0.04053,   0.75418,   0.95438, 181.55719,   3.79000
  91.00000,   0.00000,   0.12496,   0.60458,   0.27041,   0.07196, 164.24080,   7.05000
  92.00000,   0.00000,   0.38528,   0.22495,   0.38974,   0.39337, 287.62842,   7.38000
  93.00000,   0.00000,   0.59639,   0.00721,   0.39637,   0.98968, 110.27412,   5.45000
  94.00000,   0.00000,   0.51645,   0.10397,   0.37956,   0.03599,  54.43378,   3.30000
  95.00000,   0.00000,   0.08497,   0.17208,   0.74291,   0.72965, 238.02341,   4.34000
  96.00000,   0.00000,   0.19356,   0.07052,   0.73589,   0.00052, 223.76207,   8.22000
  97.00000,   0.00000,   0.21560,   0.08119,   0.70317,   0.03941, 163.75883,   7.08000
  98.00000,   0.00000,   0.22992,   0.07153,   0.69851,   0.00609, 450.63507,   7.77000
  99.00000,   0.00000,   0.83059,   0.08672,   0.08267,   0.43003, 162.83449,   8.36000
 100.00000,   1.00000,   0.69206,   0.02527,   0.28266,   0.84706,   8.86494,   1.25000
 101.00000,   1.00000,   0.43581,   0.03631,   0.52785,   0.03514,  10.28288,   1.51000
 102.00000,   1.00000,   0.38178,   0.07423,   0.54395,   0.97472,  11.17347,   1.69000
 103.00000,   1.00000,   0.32285,   0.02865,   0.64846,   0.02500,   9.25116,   1.25000
 104.00000,   1.00000,   0.15654,   0.24242,   0.60100,   0.91036,  12.52937,   1.38000
 105.00000,   1.00000,   0.20666,   0.04242,   0.75088,   0.89638,   9.09471,   0.96000
 106.00000,   1.00000,   0.70844,   0.02073,   0.27081,   0.94702,   8.19102,   1.15000
 107.00000,   1.00000,   0.37018,   0.05010,   0.57969,   0.81783,   8.39160,   1.09000
 108.00000,   1.00000,   0.57513,   0.03082,   0.39402,   0.98346,   6.29159,   1.47000
 109.00000,   1.00000,   0.14414,   0.03920,   0.81662,   0.96967,   7.17418,   0.99000
 110.00000,   1.00000,   0.59337,   0.13581,   0.27080,   0.57677,  14.89493,   1.69000
 111.00000,   1.00000,   0.37367,   0.03316,   0.59313,   0.02978,  10.33004,   1.12000
 112.00000,   1.00000,   0.71602,   0.04479,   0.23918,   0.84033,   8.30412,   1.56000
 113.00000,   1.00000,   0.48948,   0.01516,   0.49532,   0.98697,   9.62433,   1.00000
 114.00000,   1.00000,   0.35890,   0.11673,   0.52434,   0.01996,  13.89010,   1.33000
 115.00000,   1.00000,   0.53582,   0.04320,   0.42095,   0.04124,   8.17458,   1.38000
 116.00000,   1.00000,   0.42900,   0.18990,   0.38107,   0.76408,   5.60289,   1.43000
 117.00000,   1.00000,   0.08752,   0.03225,   0.88019,   0.00245,   8.62659,   1.09000
 118.00000,   1.00000,   0.68526,   0.03163,   0.28309,   0.90877,   6.61419,   1.27000
 119.00000,   1.00000,   0.67248,   0.02397,   0.30354,   0.93664,   8.18475,   1.03000
 120.00000,   1.00000,   0.63055,   0.03586,   0.33357,   0.82482,   7.13160,   1.10000
 121.00000,   1.00000,   0.62845,   0.03332,   0.33822,   0.87082,   7.61163,   1.26000
 122.00000,   1.00000,   0.55626,   0.05951,   0.38422,   0.01668,   8.59353,   1.69000
 123.00000,   1.00000,   0.75381,   0.02146,   0.22471,   0.78781,   8.72217,   1.24000
 124.00000,   1.00000,   0.47284,   0.18064,   0.34649,   0.91423,  12.87499,   1.59000
 125.00000,   1.00000,   0.57086,   0.02676,   0.40235,   0.02803,   7.79772,   1.43000
 126.00000,   1.00000,   0.06488,   0.17907,   0.75600,   0.12812,   8.00998,   1.33000
 127.00000,   1.00000,   0.40923,   0.04945,   0.54129,   0.93166,  14.68989,   1.33000
 128.00000,   1.00000,   0.66326,   0.02299,   0.31374,   0.74293,   6.81889,   1.38000
 129.00000,   1.00000,   0.50806,   0.05523,   0.43668,   0.79285,  10.78225,   1.48000
 130.00000,   1.00000,   0.46397,   0.05801,   0.47798,   0.90806,   8.81977,   1.23000
 131.00000,   1.00000,   0.61629,   0.02988,   0.35380,   0.73157,   9.88334,   1.30000
 132.00000,   1.00000,   0.52413,   0.05696,   0.41889,   0.82111,   8.95834,   1.15000
 133.00000,   1.00000,   0.25132,   0.09221,   0.65643,   0.15011,  10.94272,   1.51000
 134.00000,   1.00000,   0.29544,   0.05763,   0.64689,   0.90309,  10.03240,   1.31000
 135.00000,   1.00000,   0.55919,   0.06209,   0.37870,   0.08753,  10.76440,   1.66000
 136.00000,   1.00000,   0.57994,   0.03757,   0.38247,   0.02238,   8.88224,   1.22000
 137.00000,   1.00000,   0.69310,   0.04868,   0.25821,   0.92697,   7.10742,   1.03000
 138.00000,   1.00000,   0.67311,   0.09805,   0.22882,   0.54763,   6.20334,   1.19000
 139.00000,   1.00000,   0.40535,   0.04338,   0.55124,   0.89933,   8.52955,   1.48000
 140.00000,   1.00000,   0.52827,   0.04748,   0.42421,   0.94334,   9.24194,   1.31000
 141.00000,   1.00000,   0.68740,   0.03320,   0.27939,   0.92241,   7.37130,   0.98000
 142.00000,   1.00000,   0.63292,   0.04901,   0.31806,   0.91552,   8.00279,   1.26000
 143.00000,   1.00000,   0.15595,   0.04986,   0.79414,   0.00221,   8.74345,   1.85000
 144.00000,   1.00000,   0.03128,   0.07834,   0.89033,   0.03561,   9.68236,   1.38000
 145.00000,   1.00000,   0.73872,   0.02873,   0.23253,   0.96254,   6.68329,   1.63000
 146.00000,   1.00000,   0.69289,   0.05049,   0.25661,   0.93879,   7.35991,   1.16000
 147.00000,   1.00000,   0.32458,   0.01380,   0.66158,   0.97627,  10.05250,   1.81000
 148.00000,   1.00000,   0.41794,   0.05678,   0.52524,   0.05260,   8.66794,   1.42000
 149.00000,   1.00000,   0.68884,   0.03678,   0.27436,   0.96202,   8.29900,   1.38000
 150.00000,   1.00000,   0.16877,   0.04941,   0.78179,   0.02302,   8.90249,   1.02000
 151.00000,   1.00000,   0.51425,   0.06119,   0.42455,   0.87834,   8.84955,   1.22000
 152.00000,   1.00000,   0.27397,   0.09621,   0.62978,   0.90645,  14.82450,   1.46000
 153.00000,   1.00000,   0.86257,   0.02662,   0.11080,   0.83290,   6.47625,   1.11000
 154.00000,   1.00000,   0.76892,   0.01440,   0.21667,   0.94483,   5.96297,   0.67000
 155.00000,   1.00000,   0.65022,   0.02830,   0.32147,   0.92401,   9.00344,   0.98000
 156.00000,   1.00000,   0.48642,   0.10033,   0.41323,   0.99781,  13.04421,   1.60000
 157.00000,   1.00000,   0.33721,   0.03857,   0.62418,   0.02364,   9.26575,   1.01000
 158.00000,   1.00000,   0.33384,   0.04359,   0.62253,   0.02642,   7.98480,   1.47000
 159.00000,   1.00000,   0.81440,   0.01506,   0.17053,   0.84275,   6.55110,   0.85000
 160.00000,   1.00000,   0.53502,   0.03052,   0.43444,   0.88083,   8.07495,   1.13000
 161.00000,   1.00000,   0.39785,   0.03805,   0.56407,   0.68732,   9.32291,   1.48000
 162.00000,   1.00000,   0.30522,   0.06266,   0.63209,   0.07423,  13.16259,   1.49000
 163.00000,   1.00000,   0.67877,   0.00962,   0.31159,   0.99331,   3.44042,   0.49000
 164.00000,   1.00000,   0.08926,   0.05823,   0.85248,   0.00248,  11.07593,   1.30000
 165.00000,   1.00000,   0.83127,   0.02300,   0.14572,   0.93626,   7.86262,   1.31000
 166.00000,   1.00000,   0.66714,   0.01320,   0.31964,   0.97993,   8.97563,   1.62000
 167.00000,   1.00000,   0.70372,   0.02773,   0.26854,   0.89033,   7.38482,   0.98000
 168.00000,   1.00000,   0.45262,   0.03140,   0.51594,   0.97791,  11.67682,   1.56000
 169.00000,   1.00000,   0.29192,   0.02769,   0.68035,   0.99695,   9.97085,   1.28000
 170.00000,   1.00000,   0.24195,   0.04154,   0.71647,   0.01627,   7.79099,   1.04000
 171.00000,   1.00000,   0.46269,   0.07472,   0.46256,   0.84374,  10.03469,   1.18000
 172.00000,   1.00000,   0.62648,   0.02584,   0.34766,   0.94923,   7.44543,   1.30000
 173.00000,   1.00000,   0.48120,   0.04296,   0.47581,   0.89140,   7.71157,   1.09000
 174.00000,   1.00000,   0.62456,   0.05158,   0.32385,   0.94410,   7.38714,   1.32000
 175.00000,   1.00000,   0.85234,   0.03826,   0.10939,   0.92789,   6.04230,   1.20000
 176.00000,   1.00000,   0.40367,   0.09554,   0.50076,   0.94466,  11.13019,   1.28000
 177.00000,   1.00000,   0.36288,   0.02481,   0.61227,   0.99362,   9.19187,   1.14000
 178.00000,   1.00000,   0.66617,   0.03150,   0.30232,   0.84366,   7.55716,   1.77000
 179.00000,   1.00000,   0.18391,   0.02090,   0.79514,   0.00595,   7.92737,   1.22000
 180.00000,   1.00000,   0.54745,   0.08962,   0.36292,   0.94760,   7.44340,   0.95000
 181.00000,   1.00000,   0.07403,   0.08723,   0.83870,   0.01579,  11.50012,   1.10000
 182.00000,   1.00000,   0.38547,   0.05852,   0.55597,   0.64921,   9.18636,   1.04000
 183.00000,   1.00000,   0.31975,   0.07810,   0.60211,   0.94772,  10.47317,   1.48000
 184.00000,   1.00000,   0.31168,   0.02420,   0.66408,   0.98328,  11.10201,   1.63000
 185.00000,   1.00000,   0.11236,   0.06887,   0.81874,   0.03153,  13.31413,   1.32000
 186.00000,   1.00000,   0.37893,   0.01117,   0.60988,   0.81155,   8.43776,   0.96000
 187.00000,   1.00000,   0.49014,   0.09893,   0.41090,   0.88144,  10.71248,   1.11000
 188.00000,   1.00000,   0.57146,   0.17344,   0.25507,   0.89696,  10.70871,   1.40000
 189.00000,   1.00000,   0.55653,   0.07130,   0.37215,   0.04564,  11.29787,   1.46000
 190.00000,   1.00000,   0.20130,   0.04959,   0.74906,   0.91120,   8.93464,   1.22000
 191.00000,   1.00000,   0.55128,   0.01287,   0.43581,   0.99542,   8.59181,   1.73000
 192.00000,   1.00000,   0.17881,   0.06904,   0.75211,   0.02850,   8.67410,   1.36000
 193.00000,   1.00000,   0.69031,   0.02567,   0.28400,   0.98684,   8.18776,   1.32000
 194.00000,   1.00000,   0.42421,   0.02082,   0.55494,   0.96522,  12.28750,   1.24000
 195.00000,   1.00000,   0.83468,   0.04674,   0.11857,   0.82603,   5.40282,   1.15000
 196.00000,   1.00000,   0.55657,   0.04841,   0.39501,   0.90142,   8.93780,   1.25000
 197.00000,   1.00000,   0.22162,   0.03655,   0.74180,   0.95710,   9.20600,   1.03000
 198.00000,   1.00000,   0.36848,   0.04428,   0.58720,   0.04544,   8.04453,   1.18000
 199.00000,   1.00000,   0.33061,   0.06442,   0.60495,   0.89524,  10.00127,   0.85000
 200.00000,   2.00000,   0.94468,   0.03781,   0.01751,   0.98018,  13.04739,   1.73000
 201.00000,   2.00000,   0.81397,   0.06601,   0.12001,   0.93493, 277.54947,   1.91000
 202.00000,   2.00000,   0.95634,   0.00425,   0.03941,   0.91940,  21.95217,   2.48000
 203.00000,   2.00000,   0.92981,   0.00784,   0.06234,   0.97113,  14.53158,   1.37000
 204.00000,   2.00000,   0.95376,   0.00317,   0.04307,   0.97370,1275.06934,   2.71000
 205.00000,   2.00000,   0.98880,   0.00194,   0.00925,   0.61198,   5.97937,   2.23000
 206.00000,   2.00000,   0.97706,   0.00745,   0.01548,   0.99751,   4.63516,   2.00000
 207.00000,   2.00000,   0.97380,   0.01096,   0.01524,   0.92142,  51.38210,   2.33000
 208.00000,   2.00000,   0.94880,   0.03767,   0.01352,   0.95199, 217.65511,   2.37000
 209.00000,   2.00000,   0.63265,   0.01657,   0.35077,   0.68808,  27.33938,   3.33000
 210.00000,   2.00000,   0.89602,   0.01775,   0.08623,   0.72101,  77.63789,   2.92000
 211.00000,   2.00000,   0.97225,   0.00651,   0.02123,   0.99378,   3.91519,   1.46000
 212.00000,   2.00000,   0.96428,   0.01040,   0.02532,   0.92311,   7.11577,   1.81000
 213.00000,   2.00000,   0.94942,   0.00744,   0.04314,   0.84893,1887.22937,   3.60000
 214.00000,   2.00000,   0.97832,   0.00291,   0.01877,   0.98870,   6.14695,   1.45000
 215.00000,   2.00000,   0.77770,   0.11616,   0.10613,   0.98388, 938.87531,   3.31000
 216.00000,   2.00000,   0.40831,   0.13969,   0.45199,   0.05192, 676.19897,   1.77000
 217.00000,   2.00000,   0.81274,   0.10389,   0.08337,   0.77959, 103.30141,   2.76000
 218.00000,   2.00000,   0.97907,   0.00298,   0.01795,   0.98919,  13.05397,   1.40000
 219.00000,   2.00000,   0.95504,   0.02627,   0.01868,   0.98197,   4.00395,   1.38000
 220.00000,   2.00000,   0.98710,   0.00576,   0.00713,   0.99502, 985.69141,   2.74000
 221.00000,   2.00000,   0.93040,   0.03353,   0.03606,   0.95480,  27.02599,   1.42000
 222.00000,   2.00000,   0.90332,   0.01017,   0.08650,   0.99938,  10.49598,   1.51000
 223.00000,   2.00000,   0.99084,   0.00550,   0.00366,   0.99977,  18.68611,   1.32000
 224.00000,   2.00000,   0.97393,   0.00724,   0.01883,   0.94199, 647.78528,   3.33000
 225.00000,   2.00000,   0.98587,   0.01204,   0.00208,   0.94180,  23.48526,   1.49000
 226.00000,   2.00000,   0.89429,   0.01519,   0.09051,   0.98457, 751.64935,   2.56000
 227.00000,   2.00000,   0.96065,   0.02952,   0.00983,   0.99778,  89.33231,   1.85000
 228.00000,   2.00000,   0.96495,   0.01138,   0.02367,   0.99180,  30.39240,   2.50000
 229.00000,   2.00000,   0.67165,   0.10501,   0.22333,   0.98998, 139.10838,   2.30000
 230.00000,   2.00000,   0.91475,   0.01276,   0.07249,   0.91109,  17.41073,   2.08000
 231.00000,   2.00000,   0.75491,   0.07902,   0.16606,   0.99670,   6.48463,   1.42000
 232.00000,   2.00000,   0.95162,   0.00884,   0.03954,   0.99626, 138.20512,   1.97000
 233.00000,   2.00000,   0.92583,   0.00720,   0.06697,   0.96398, 145.16951,   2.48000
 234.00000,   2.00000,   0.77719,   0.12276,   0.10004,   0.98792, 770.63812,   2.64000
 235.00000,   2.00000,   0.91292,   0.03807,   0.04901,   0.77128, 110.72543,   2.90000
 236.00000,   2.00000,   0.96524,   0.00974,   0.02501,   0.99729,  14.84627,   2.46000
 237.00000,   2.00000,   0.73784,   0.04635,   0.21581,   0.99983,  12.91195,   1.85000
 238.00000,   2.00000,   0.96530,   0.00787,   0.02683,   0.98615,   3.83930,   1.47000
 239.00000,   2.00000,   0.96053,   0.00858,   0.03089,   0.98109,  30.40672,   1.46000
 240.00000,   2.00000,   0.93319,   0.01114,   0.05566,   0.98977,  54.10516,   2.15000
 241.00000,   2.00000,   0.96651,   0.02326,   0.01023,   0.92201,  28.20844,   2.21000
 242.00000,   2.00000,   0.97061,   0.00841,   0.02097,   0.99171,  10.27328,   1.78000
 243.00000,   2.00000,   0.95593,   0.00975,   0.03432,   0.96350,   3.65116,   1.44000
 244.00000,   2.00000,   0.97937,   0.00805,   0.01258,   0.90195,  28.06772,   2.48000
 245.00000,   2.00000,   0.92766,   0.02101,   0.05133,   0.93118, 386.32404,   2.79000
 246.00000,   2.00000,   0.62236,   0.09836,   0.27928,   0.07889, 349.94092,   2.95000
 247.00000,   2.00000,   0.96420,   0.00950,   0.02629,   0.99829,2854.74097,   3.33000
 248.00000,   2.00000,   0.81527,   0.13367,   0.05105,   0.98831,1536.53052,   3.48000
 249.00000,   2.00000,   0.68248,   0.03146,   0.28606,   0.94630,  51.84994,   2.16000
 250.00000,   2.00000,   0.89751,   0.00104,   0.10144,   0.97475,  78.56157,   0.87000
 251.00000,   2.00000,   0.82778,   0.06065,   0.11156,   0.94524, 633.66119,   2.81000
 252.00000,   2.00000,   0.90969,   0.00766,   0.08265,   0.96549,1212.65186,   3.13000
 253.00000,   2.00000,   0.55005,   0.05277,   0.39716,   0.77090,  13.05749,   2.51000
 254.00000,   2.00000,   0.98054,   0.01162,   0.00784,   0.98007,   7.37954,   1.78000
 255.00000,   2.00000,   0.97832,   0.01345,   0.00822,   0.96850,  10.70221,   1.21000
 256.00000,   2.00000,   0.93881,   0.00595,   0.05524,   0.97433, 145.70134,   1.69000
 257.00000,   2.00000,   0.76324,   0.07000,   0.16675,   0.98738, 511.30219,   2.66000
 258.00000,   2.00000,   0.63510,   0.01385,   0.35104,   0.96276,  14.87010,   2.08000
 259.00000,   2.00000,   0.90433,   0.01487,   0.08079,   0.92846,  10.47180,   1.85000
 260.00000,   2.00000,   0.81605,   0.01717,   0.16676,   0.87969,  56.09475,   1.54000
 261.00000,   2.00000,   0.20215,   0.23496,   0.56285,   0.11753, 778.46948,   2.61000
 262.00000,   2.00000,   0.82305,   0.09226,   0.08468,   0.97471,  29.69667,   2.55000
 263.00000,   2.00000,   0.94574,   0.01480,   0.03946,   0.97327,  10.63810,   1.72000
 264.00000,   2.00000,   0.91878,   0.00770,   0.07351,   0.96775,  22.49313,   2.25000
 265.00000,   2.00000,   0.98415,   0.00185,   0.01400,   0.98097, 330.59219,   1.81000
 266.00000,   2.00000,   0.97639,   0.00730,   0.01631,   0.94996, 624.81567,   2.32000
 267.00000,   2.00000,   0.81891,   0.03170,   0.14938,   0.59899,  92.40558,   2.77000
 268.00000,   2.00000,   0.96084,   0.01130,   0.02785,   0.98800,   5.46819,   1.47000
 269.00000,   2.00000,   0.76785,   0.16904,   0.06310,   0.92714,   9.63763,   2.49000
 270.00000,   2.00000,   0.97022,   0.00735,   0.02242,   0.98768,  45.93197,   2.09000
 271.00000,   2.00000,   0.84790,   0.01892,   0.13316,   0.95457,  16.60753,   1.54000
 272.00000,   2.00000,   0.46275,   0.03071,   0.50653,   0.99271,  15.53287,   1.42000
 273.00000,   2.00000,   0.98978,   0.00240,   0.00781,   0.97379, 101.76958,   2.51000
 274.00000,   2.00000,   0.99231,   0.00165,   0.00605,   0.98914,   8.93452,   1.50000
 275.00000,   2.00000,   0.89770,   0.01624,   0.08606,   0.68722, 143.05705,   2.90000
 276.00000,   2.00000,   0.91623,   0.03805,   0.04572,   0.98776,  22.33552,   1.40000
 277.00000,   2.00000,   0.95315,   0.01367,   0.03317,   0.94433,  19.85199,   2.64000
 278.00000,   2.00000,   0.97833,   0.00329,   0.01839,   0.93744,  87.11785,   3.08000
 279.00000,   2.00000,   0.97678,   0.00478,   0.01844,   0.98651, 106.37486,   2.15000
 280.00000,   2.00000,   0.68611,   0.04478,   0.26910,   0.87229,  33.94061,   1.21000
 281.00000,   2.00000,   0.92579,   0.00582,   0.06839,   0.95179,  28.78128,   3.24000
 282.00000,   2.00000,   0.83327,   0.03067,   0.13606,   0.99718,  37.61879,   1.57000
 283.00000,   2.00000,   0.96805,   0.01165,   0.02029,   0.98851,  10.16894,   1.65000
 284.00000,   2.00000,   0.75609,   0.01108,   0.23282,   0.68854, 307.30862,   2.58000
 285.00000,   2.00000,   0.55543,   0.03324,   0.41132,   0.80521, 402.74103,   2.83000
 286.00000,   2.00000,   0.25676,   0.22183,   0.52140,   0.57123, 923.91357,   4.18000
 287.00000,   2.00000,   0.73644,   0.10432,   0.15924,   0.99592,  12.82781,   2.11000
 288.00000,   2.00000,   0.94474,   0.00890,   0.04635,   0.74164,1066.46216,   3.81000
 289.00000,   2.00000,   0.88544,   0.01021,   0.10434,   0.81644,1847.14307,   2.86000
 290.00000,   2.00000,   0.82560,   0.11279,   0.06159,   0.90646,  34.37305,   1.59000
 291.00000,   2.00000,   0.67751,   0.01689,   0.30560,   0.95435,  23.90675,   1.94000
 292.00000,   2.00000,   0.89203,   0.00949,   0.09848,   0.93693,   4.04239,   1.45000
 293.00000,   2.00000,   0.98132,   0.00301,   0.01567,   0.99725,  32.02524,   1.49000
 294.00000,   2.00000,   0.04341,   0.08187,   0.87471,   0.00269,  81.36749,   1.81000
 295.00000,   2.00000,   0.99013,   0.00074,   0.00913,   0.91817, 131.13577,   2.62000
 296.00000,   2.00000,   0.87152,   0.01461,   0.11386,   0.91384,  37.08084,   2.56000
 297.00000,   2.00000,   0.91169,   0.00686,   0.08145,   0.78424,  15.98429,   2.48000
 298.00000,   2.00000,   0.78202,   0.02660,   0.19137,   0.98971,  29.31763,   1.42000
 299.00000,   2.00000,   0.86757,   0.00688,   0.12554,   0.99266,  24.94483,   1.59000
 300.00000,   3.00000,   0.90779,   0.01361,   0.07860,   0.00572,  21.49934,  10.82000
 301.00000,   3.00000,   0.43572,   0.36495,   0.19932,   0.02328,   5.74676,  12.57000
 302.00000,   3.00000,   0.51758,   0.10266,   0.37975,   0.77833,   7.66153,  11.12000
 303.00000,   3.00000,   0.73429,   0.15040,   0.11530,   0.42728,  12.88838,  10.50000
 304.00000,   3.00000,   0.70596,   0.06284,   0.23117,   0.96980,  12.41048,   4.44000
 305.00000,   3.00000,   0.82741,   0.01360,   0.15899,   0.01551,   5.28206,   7.06000
 306.00000,   3.00000,   0.69218,   0.15317,   0.15463,   0.58232,  31.05059,  10.46000
 307.00000,   3.00000,   0.76050,   0.03657,   0.20293,   0.15472,  28.28344,   6.94000
 308.00000,   3.00000,   0.96865,   0.01322,   0.01813,   0.97334,  12.35908,   4.52000
 309.00000,   3.00000,   0.65688,   0.26191,   0.08120,   0.99560,   7.88133,   6.75000
 310.00000,   3.00000,   0.42078,   0.05465,   0.52456,   0.97048,  13.89855,   8.55000
 311.00000,   3.00000,   0.75389,   0.00710,   0.23901,   0.99575,   4.55991,   8.60000
 312.00000,   3.00000,   0.86797,   0.04348,   0.08855,   0.13185,   9.12748,  11.23000
 313.00000,   3.00000,   0.95602,   0.01051,   0.03347,   0.91483,  19.56774,   5.94000
 314.00000,   3.00000,   0.98297,   0.01450,   0.00252,   0.00328,   1.31511,  10.92000
 315.00000,   3.00000,   0.98930,   0.00741,   0.00329,   0.00025,   0.89157,   9.80000
 316.00000,   3.00000,   0.73739,   0.01481,   0.24779,   0.94431,  20.44448,  12.56000
 317.00000,   3.00000,   0.60421,   0.03440,   0.36139,   0.22019,  18.66195,  10.29000
 318.00000,   3.00000,   0.65794,   0.00789,   0.33417,   0.96797,   4.19463,  11.23000
 319.00000,   3.00000,   0.55827,   0.05411,   0.38762,   0.99150,  65.30755,   8.86000
 320.00000,   3.00000,   0.93618,   0.01501,   0.04881,   0.00386,   2.34860,  11.96000
 321.00000,   3.00000,   0.54691,   0.00893,   0.44416,   0.28282,  12.72483,   8.70000
 322.00000,   3.00000,   0.33768,   0.43345,   0.22885,   0.85242,  10.98156,  10.18000
 323.00000,   3.00000,   0.86073,   0.04495,   0.09432,   0.03464,   8.25370,   9.32000
 324.00000,   3.00000,   0.48457,   0.06025,   0.45516,   0.70959,   3.05195,  13.32000
 325.00000,   3.00000,   0.94647,   0.02653,   0.02700,   0.00467,  12.48243,  11.11000
 326.00000,   3.00000,   0.87078,   0.10888,   0.02033,   0.00023,  15.97723,   8.14000
 327.00000,   3.00000,   0.41601,   0.04639,   0.53759,   0.95241,  23.65915,  12.74000
 328.00000,   3.00000,   0.65575,   0.04095,   0.30330,   0.03143,   5.25188,  11.16000
 329.00000,   3.00000,   0.81040,   0.01608,   0.17351,   0.02373,   4.43152,  12.50000
 330.00000,   3.00000,   0.45095,   0.04261,   0.50642,   0.87949,  26.47460,  13.00000
 331.00000,   3.00000,   0.98063,   0.01299,   0.00637,   0.98854,   1.24115,  10.69000
 332.00000,   3.00000,   0.68225,   0.01235,   0.30539,   0.07942,   8.58136,  11.62000
 333.00000,   3.00000,   0.95434,   0.03491,   0.01075,   0.00819,  37.25322,  10.89000
 334.00000,   3.00000,   0.83757,   0.02682,   0.13561,   0.97523,   5.55895,  11.25000
 335.00000,   3.00000,   0.68057,   0.05510,   0.26432,   0.25763,  27.73966,   8.71000
 336.00000,   3.00000,   0.98697,   0.00388,   0.00916,   0.00060,   1.33685,  12.38000
 337.00000,   3.00000,   0.94440,   0.01707,   0.03853,   0.00135,   2.13867,  11.82000
 338.00000,   3.00000,   0.92644,   0.03706,   0.03650,   0.00371,  11.75501,  12.57000
 339.00000,   3.00000,   0.60899,   0.07888,   0.31213,   0.15347,  38.51441,   9.95000
 340.00000,   3.00000,   0.89647,   0.03721,   0.06632,   0.00352,   1.93896,   8.34000
 341.00000,   3.00000,   0.78109,   0.03948,   0.17942,   0.07790,   2.60136,  12.65000
 342.00000,   3.00000,   0.90856,   0.04907,   0.04236,   0.01509,   7.01416,  11.93000
 343.00000,   3.00000,   0.64479,   0.01419,   0.34102,   0.04544,   4.95796,   8.98000
 344.00000,   3.00000,   0.71908,   0.02710,   0.25381,   0.38463,   3.57770,  10.76000
 345.00000,   3.00000,   0.26034,   0.07403,   0.66561,   0.95203,  28.05180,  12.53000
 346.00000,   3.00000,   0.40530,   0.19131,   0.40338,   0.99251,   9.13310,  12.43000
 347.00000,   3.00000,   0.57842,   0.01323,   0.40835,   0.98865,  13.85153,   8.76000
 348.00000,   3.00000,   0.95040,   0.00329,   0.04631,   0.00355,   1.24483,  10.72000
 349.00000,   3.00000,   0.39594,   0.05191,   0.55214,   0.48691,   2.25083,   3.23000
 350.00000,   3.00000,   0.70238,   0.00717,   0.29045,   0.95917,   4.49370,   7.85000
 351.00000,   3.00000,   0.70661,   0.00540,   0.28799,   0.00316,  15.09145,  10.59000
 352.00000,   3.00000,   0.71273,   0.01684,   0.27042,   0.92524,  19.78627,  12.60000
 353.00000,   3.00000,   0.59518,   0.06067,   0.34414,   0.85919,   2.91036,  12.48000
 354.00000,   3.00000,   0.98873,   0.00093,   0.01034,   0.98586,  12.91467,   4.60000
 355.00000,   3.00000,   0.59615,   0.03147,   0.37237,   0.89699,  16.70786,  12.81000
 356.00000,   3.00000,   0.89395,   0.08080,   0.02525,   0.99936,  19.50643,  10.37000
 357.00000,   3.00000,   0.98670,   0.01050,   0.00280,   0.00139,   0.96010,  10.81000
 358.00000,   3.00000,   0.30821,   0.05975,   0.63202,   0.98529,   4.15161,  12.91000
 359.00000,   3.00000,   0.57309,   0.23889,   0.18800,   0.45037,  16.90011,  10.43000
 360.00000,   3.00000,   0.90782,   0.06756,   0.02462,   0.91578,  24.11346,  10.88000
 361.00000,   3.00000,   0.28409,   0.40619,   0.30969,   0.03430,  20.85085,   6.59000
 362.00000,   3.00000,   0.42156,   0.07417,   0.50425,   0.98848,  33.61299,  12.43000
 363.00000,   3.00000,   0.97875,   0.00808,   0.01317,   0.00018,   5.27718,  11.71000
 364.00000,   3.00000,   0.65484,   0.01335,   0.33180,   0.00788,  17.85618,   8.48000
 365.00000,   3.00000,   0.92595,   0.02497,   0.04908,   0.00089,   3.45995,  12.78000
 366.00000,   3.00000,   0.75458,   0.00749,   0.23792,   0.89857,   5.18186,   8.34000
 367.00000,   3.00000,   0.77464,   0.14448,   0.08086,   0.94342,   3.53321,   4.43000
 368.00000,   3.00000,   0.84670,   0.11703,   0.03626,   0.97498,  22.31072,  12.40000
 369.00000,   3.00000,   0.80934,   0.04590,   0.14475,   0.00558,   1.80180,  10.73000
 370.00000,   3.00000,   0.67308,   0.18661,   0.14029,   0.96748,  11.72023,  12.55000
 371.00000,   3.00000,   0.49722,   0.35575,   0.14701,   0.90971,  32.00183,  15.05000
 372.00000,   3.00000,   0.74475,   0.14723,   0.10802,   0.00422,   8.87296,  16.01000
 373.00000,   3.00000,   0.04947,   0.84094,   0.10957,   0.94686,   6.02071,  15.68000
 374.00000,   3.00000,   0.87048,   0.02649,   0.10302,   0.03257,   6.42568,   5.28000
 375.00000,   3.00000,   0.44358,   0.26414,   0.29226,   0.95402,  12.68597,  12.57000
 376.00000,   3.00000,   0.59974,   0.04186,   0.35840,   0.65658,  20.40446,  13.87000
 377.00000,   3.00000,   0.44431,   0.44698,   0.10869,   0.61100,   6.48375,  20.25000
 378.00000,   3.00000,   0.65844,   0.23276,   0.10878,   0.92855,   6.50806,  11.48000
 379.00000,   3.00000,   0.60415,   0.20287,   0.19297,   0.64990,   7.95718,   2.15000
 380.00000,   3.00000,   0.68974,   0.21407,   0.09617,   0.95154,   7.16571,  12.87000
 381.00000,   3.00000,   0.46241,   0.47428,   0.06330,   0.95979,   8.20783,  13.25000
 382.00000,   3.00000,   0.80832,   0.10663,   0.08505,   0.02602,  26.11848,  10.85000
 383.00000,   3.00000,   0.38943,   0.24675,   0.36380,   0.96801,   6.82126,  15.03000
 384.00000,   3.00000,   0.58504,   0.24079,   0.17415,   0.97525,  10.87029,  17.61000
 385.00000,   3.00000,   0.43526,   0.41525,   0.14947,   0.95777,  11.95203,  13.75000
 386.00000,   3.00000,   0.46472,   0.22136,   0.31390,   0.92424,   7.03686,  12.88000
 387.00000,   3.00000,   0.48733,   0.43634,   0.07632,   0.71350,  12.04858,  20.68000
 388.00000,   3.00000,   0.41361,   0.47246,   0.11392,   0.80061,   9.85497,  12.17000
 389.00000,   3.00000,   0.72714,   0.24339,   0.02945,   0.92122,  11.45202,  12.69000
 390.00000,   3.00000,   0.70608,   0.19316,   0.10073,   0.94528,   9.27687,  13.04000
 391.00000,   3.00000,   0.49527,   0.19618,   0.30855,   0.24261,  47.26087,  11.52000
 392.00000,   3.00000,   0.51692,   0.18862,   0.29444,   0.88252,   4.68965,  15.17000
 393.00000,   3.00000,   0.29687,   0.30835,   0.39475,   0.26244,   8.60983,   4.96000
 394.00000,   3.00000,   0.45533,   0.24460,   0.30005,   0.92328,   9.43796,  11.05000
 395.00000,   3.00000,   0.85893,   0.06659,   0.07447,   0.01879,   7.41888,  13.63000
 396.00000,   3.00000,   0.57829,   0.04252,   0.37919,   0.98787,   2.06880,   3.44000
 397.00000,   3.00000,   0.59104,   0.08112,   0.32783,   0.99724,  10.94899,   8.32000
 398.00000,   3.00000,   0.43964,   0.46681,   0.09352,   0.82349,  27.39697,  15.07000
 399.00000,   3.00000,   0.89576,   0.02210,   0.08213,   0.01425,  19.62891,  10.44000
 400.00000,   4.00000,   0.56587,   0.29735,   0.13675,   0.99653,   4.82895,   8.18000
 401.00000,   4.00000,   0.46244,   0.47877,   0.05877,   0.50567,  52.18308,   7.12000
 402.00000,   4.00000,   0.24105,   0.55219,   0.20673,   0.12695,   4.84251,   4.28000
 403.00000,   4.00000,   0.32208,   0.22929,   0.44861,   0.75426,  13.73674,   5.41000
 404.00000,   4.00000,   0.58313,   0.35734,   0.05951,   0.87204,  87.33505,  11.18000
 405.00000,   4.00000,   0.24478,   0.34292,   0.41228,   0.47074,   9.07255,   4.21000
 406.00000,   4.00000,   0.33926,   0.37495,   0.28578,   0.09104,  19.14503,   5.94000
 407.00000,   4.00000,   0.68012,   0.21970,   0.10016,   0.72807, 113.85190,  17.83000
 408.00000,   4.00000,   0.34845,   0.21082,   0.44069,   0.09253,  39.79266,  10.13000
 409.00000,   4.00000,   0.58828,   0.38955,   0.02214,   0.73665,  34.02673,   8.35000
 410.00000,   4.00000,   0.35846,   0.35130,   0.29022,   0.22367,  65.28359,   5.55000
 411.00000,   4.00000,   0.45634,   0.30325,   0.24038,   0.89033, 114.02902,  11.99000
 412.00000,   4.00000,   0.42065,   0.49128,   0.08805,   0.73938,   8.25258,   4.61000
 413.00000,   4.00000,   0.35404,   0.48341,   0.16253,   0.69194,  37.63683,  12.21000
 414.00000,   4.00000,   0.41065,   0.41852,   0.17081,   0.85187,  23.16366,   4.68000
 415.00000,   4.00000,   0.48352,   0.17382,   0.34263,   0.83624,  17.26276,   6.18000
 416.00000,   4.00000,   0.60042,   0.27533,   0.12424,   0.77812,  80.86115,  15.84000
 417.00000,   4.00000,   0.20446,   0.66807,   0.12746,   0.19715,  48.03606,  12.08000
 418.00000,   4.00000,   0.91678,   0.07773,   0.00549,   0.00427,   3.13423,   5.64000
 419.00000,   4.00000,   0.23554,   0.44433,   0.32013,   0.60154,  47.64983,  12.15000
 420.00000,   4.00000,   0.12091,   0.43924,   0.43982,   0.85382,  21.26250,   7.52000
 421.00000,   4.00000,   0.10427,   0.21938,   0.67633,   0.04349,  58.40570,  12.78000
 422.00000,   4.00000,   0.63522,   0.19125,   0.17352,   0.78833,  73.99178,  10.79000
 423.00000,   4.00000,   0.15450,   0.40258,   0.44290,   0.06049,  43.25525,  13.39000
 424.00000,   4.00000,   0.22489,   0.50278,   0.27230,   0.31613,  11.72490,   5.32000
 425.00000,   4.00000,   0.69452,   0.18817,   0.11729,   0.92895,  12.77468,   5.19000
 426.00000,   4.00000,   0.67149,   0.28371,   0.04477,   0.88441,   5.38601,   5.48000
 427.00000,   4.00000,   0.43631,   0.30959,   0.25408,   0.89278,  66.86897,  10.35000
 428.00000,   4.00000,   0.42077,   0.44042,   0.13877,   0.08833,   5.11934,   2.68000
 429.00000,   4.00000,   0.68036,   0.12460,   0.19504,   0.93447, 133.01813,  10.47000
 430.00000,   4.00000,   0.34363,   0.24245,   0.41391,   0.08120,  63.41431,  15.31000
 431.00000,   4.00000,   0.17785,   0.34285,   0.47927,   0.02796,  10.25534,   6.03000
 432.00000,   4.00000,   0.59991,   0.17294,   0.22713,   0.10436,  71.55556,  19.26000
 433.00000,   4.00000,   0.42244,   0.17603,   0.40148,   0.77495,  41.70085,  13.48000
 434.00000,   4.00000,   0.06905,   0.56178,   0.36915,   0.13997,  38.10373,  10.67000
 435.00000,   4.00000,   0.78542,   0.12377,   0.09080,   0.96874,  39.50002,   8.70000
 436.00000,   4.00000,   0.39579,   0.18370,   0.42050,   0.84126,  38.64793,   7.21000
 437.00000,   4.00000,   0.62151,   0.25912,   0.11936,   0.71940,  55.68974,   9.31000
 438.00000,   4.00000,   0.65888,   0.23635,   0.10474,   0.80600,  10.48421,   3.81000
 439.00000,   4.00000,   0.47824,   0.31682,   0.20492,   0.73695,  51.78699,   9.39000
 440.00000,   4.00000,   0.26036,   0.38899,   0.35061,   0.25346,  91.40171,  14.57000
 441.00000,   4.00000,   0.54203,   0.39189,   0.06606,   0.29522,  83.48955,   9.83000
 442.00000,   4.00000,   0.62572,   0.31182,   0.06244,   0.63400,  80.65845,  16.19000
 443.00000,   4.00000,   0.46120,   0.27943,   0.25935,   0.98338, 153.46336,  13.80000
 444.00000,   4.00000,   0.39155,   0.23254,   0.37588,   0.77198, 101.43115,  23.24000
 445.00000,   4.00000,   0.26886,   0.44672,   0.28440,   0.73948,  11.98899,   4.78000
 446.00000,   4.00000,   0.22445,   0.39215,   0.38338,   0.61224,  77.44486,  10.77000
 447.00000,   4.00000,   0.24339,   0.61650,   0.14008,   0.33817,   6.73966,   3.97000
 448.00000,   4.00000,   0.39349,   0.31132,   0.29516,   0.59831,  20.29643,   6.07000
 449.00000,   4.00000,   0.47454,   0.29385,   0.23158,   0.67637,  62.62844,   8.68000
 450.00000,   4.00000,   0.49762,   0.32892,   0.17343,   0.47590,  58.89845,  15.53000
 451.00000,   4.00000,   0.56204,   0.31148,   0.12646,   0.89941,  87.06140,  15.55000
 452.00000,   4.00000,   0.35451,   0.29554,   0.34993,   0.23048,  13.08065,   4.79000
 453.00000,   4.00000,   0.38903,   0.35994,   0.25100,   0.12768,  65.08335,   9.88000
 454.00000,   4.00000,   0.07670,   0.82144,   0.10182,   0.21123,   7.72516,   3.89000
 455.00000,   4.00000,   0.45921,   0.28768,   0.25308,   0.70531,  10.58436,   5.39000
 456.00000,   4.00000,   0.07112,   0.57325,   0.35559,   0.99480,  21.31153,  10.75000
 457.00000,   4.00000,   0.58498,   0.28474,   0.13026,   0.49858,   7.04315,   2.62000
 458.00000,   4.00000,   0.42955,   0.36428,   0.20614,   0.64837,   9.85676,   4.34000
 459.00000,   4.00000,   0.06791,   0.24020,   0.69184,   0.02568,  21.40785,   4.39000
 460.00000,   4.00000,   0.23248,   0.45639,   0.31112,   0.90983,  48.60604,  14.06000
 461.00000,   4.00000,   0.36122,   0.21371,   0.42504,   0.10762,   9.53255,   5.27000
 462.00000,   4.00000,   0.29439,   0.47955,   0.22602,   0.64780,   9.76083,   4.83000
 463.00000,   4.00000,   0.50386,   0.46394,   0.03218,   0.43983,   9.85470,   5.34000
 464.00000,   4.00000,   0.24139,   0.48026,   0.27832,   0.88649,  99.28565,  17.05000
 465.00000,   4.00000,   0.19871,   0.44527,   0.35598,   0.51679,  16.36899,   7.69000
 466.00000,   4.00000,   0.50905,   0.21879,   0.27214,   0.71920,  43.17815,  10.49000
 467.00000,   4.00000,   0.09256,   0.70621,   0.20118,   0.15783,  47.69361,  13.36000
 468.00000,   4.00000,   0.02434,   0.45736,   0.51826,   0.11116,   9.79159,   5.44000
 469.00000,   4.00000,   0.54509,   0.21896,   0.23593,   0.84240,  86.62818,   8.45000
 470.00000,   4.00000,   0.23170,   0.24208,   0.52620,   0.96549, 138.29095,  13.67000
 471.00000,   4.00000,   0.46539,   0.41260,   0.12199,   0.80506,  60.47213,  14.60000
 472.00000,   4.00000,   0.24788,   0.16212,   0.58997,   0.08325,  44.23292,   5.76000
 473.00000,   4.00000,   0.51093,   0.46210,   0.02695,   0.54569,  15.60874,   5.81000
 474.00000,   4.00000,   0.44915,   0.34014,   0.21070,   0.97222,  63.17095,  12.85000
 475.00000,   4.00000,   0.48742,   0.36549,   0.14707,   0.86767,  60.41482,   8.46000
 476.00000,   4.00000,   0.38808,   0.57078,   0.04111,   0.42458,  51.31833,  10.58000
 477.00000,   4.00000,   0.51799,   0.29942,   0.18257,   0.84548,  45.30144,   8.43000
 478.00000,   4.00000,   0.45949,   0.16026,   0.38023,   0.86408,  41.39786,   6.23000
 479.00000,   4.00000,   0.40562,   0.11417,   0.48020,   0.59253,  18.92443,   9.43000
 480.00000,   4.00000,   0.35592,   0.51327,   0.13079,   0.39988,  24.34422,   6.19000
 481.00000,   4.00000,   0.55746,   0.26757,   0.17494,   0.99744,  97.80697,  16.82000
 482.00000,   4.00000,   0.24874,   0.48281,   0.26840,   0.91067, 104.98669,  15.33000
 483.00000,   4.00000,   0.44576,   0.28630,   0.26792,   0.04511,  41.97054,   5.97000
 484.00000,   4.00000,   0.03779,   0.46580,   0.49637,   0.10163,  61.91587,   9.56000
 485.00000,   4.00000,   0.06872,   0.33439,   0.59686,   0.11411,  11.77146,   6.25000
 486.00000,   4.00000,   0.47766,   0.41245,   0.10987,   0.74202,  71.64785,  11.77000
 487.00000,   4.00000,   0.55243,   0.28765,   0.15990,   0.01601,   2.56425,   5.55000
 488.00000,   4.00000,   0.62234,   0.20185,   0.17578,   0.83599, 136.42377,  14.14000
 489.00000,   4.00000,   0.35187,   0.10041,   0.54769,   0.02080,  54.59575,   5.87000
 490.00000,   4.00000,   0.26014,   0.42511,   0.31472,   0.53188,  12.31311,   4.42000
 491.00000,   4.00000,   0.14205,   0.56400,   0.29391,   0.85992,  76.27849,  16.15000
 492.00000,   4.00000,   0.40693,   0.36566,   0.22738,   0.78029,  58.10167,   9.55000
 493.00000,   4.00000,   0.26080,   0.54188,   0.19729,   0.88396,  50.42289,   9.67000
 494.00000,   4.00000,   0.32482,   0.51084,   0.16431,   0.59383,  23.46857,   6.52000
 495.00000,   4.00000,   0.48119,   0.24610,   0.27269,   0.96207,  31.93929,   7.19000
 496.00000,   4.00000,   0.45529,   0.21816,   0.32652,   0.79739,  82.13650,  12.44000
 497.00000,   4.00000,   0.24473,   0.19352,   0.56172,   0.89514,  27.14062,   6.84000
 498.00000,   4.00000,   0.48365,   0.19674,   0.31959,   0.63312,  30.48559,  11.28000
 499.00000,   4.00000,   0.42163,   0.15385,   0.42450,   0.93505,  35.51073,   5.47000
